176  58 06845
 58 191 08507
191  58 08507
 58 202 06778
202  58 06778
 58 204 10891
204  58 10891
 58 209 09540
209  58 09540
 58 211 08501
211  58 08501
 58 222 02759
222  58 02759
 57  65 06750
 65  57 06750
 57 118 08024
118  57 08024
 57 125 06349
125  57 06349
 57 148 06092
148  57 06092
 57 151 10773
151  57 10773
 57 157 06773
157  57 06773
 57 172 11673
172  57 11673
 57 181 11710
181  57 11710
 57 184 03368
184  57 03368
 57 188 10123
188  57 10123
 57 197 02583
197  57 02583
 57 208 11002
208  57 11002
 57 230 08049
230  57 08049
 56  73 05918
 73  56 05918
 56 119 11916
119  56 11916
 56 120 05027
120  56 05027
 56 145 08552
145  56 08552
 56 161 11851
161  56 11851
 55  67 08505
 67  55 08505
 55  78 08955
 78  55 08955
 55 112 04590
112  55 04590
 55 128 09745
128  55 09745
 55 136 10111
136  55 10111
 55 159 08414
159  55 08414
 55 217 11852
217  55 11852
 55 239 09744
239  55 09744
 54  99 08037
 99  54 08037
 54 117 08936
117  54 08936
 54 140 02922
140  54 02922
 54 147 07003
147  54 07003
 53  56 05542
 56  53 05542
 53  73 10372
 73  53 10372
 53  81 11179
 81  53 11179
 53 119 07620
119  53 07620
 53 120 02782
120  53 02782
 53 134 10851
134  53 10851
 53 145 06902
145  53 06902
 53 229 09315
229  53 09315
 52  77 10533
 77  52 10533
 52  93 09973
 93  52 09973
 52 102 10130
102  52 10130
 52 151 03422
151  52 03422
 52 168 06388
168  52 06388
 52 187 03447
187  52 03447
 52 208 03135
208  52 03135
 52 226 02384
226  52 02384
 52 231 06392
231  52 06392
 51  70 07990
 70  51 07990
 51  79 06984
 79  51 06984
 51  86 10847
 86  51 10847
 51 110 11491
110  51 11491
 51 133 11676
133  51 11676
 51 214 10713
214  51 10713
 50  59 04226
 59  50 04226
 50  80 10173
 80  50 10173
 50  97 10154
 97  50 10154
 50 104 11784
104  50 11784
 50 144 08851
144  50 08851
 50 185 05942
185  50 05942
 50 201 09673
201  50 09673
 50 232 11667
232  50 11667
 50 248 08802
248  50 08802
 49  59 08296
 59  49 08296
 49  80 08196
 80  49 08196
 49  93 08739
 93  49 08739
 49  97 03121
 97  49 03121
 49 144 10234
144  49 10234
 49 160 08334
160  49 08334
 49 176 08610
176  49 08610
 49 185 10833
185  49 10833
 49 191 09628
191  49 09628
 49 202 05875
202  49 05875
 49 204 02568
204  49 02568
 49 222 10927
222  49 10927
 49 225 03314
225  49 03314
 49 248 11708
248  49 11708
 48  50 09958
 50  48 09958
 48  83 08782
 83  48 08782
 48 104 06005
104  48 06005
 48 144 11407
144  48 11407
 48 185 09500
185  48 09500
 48 201 03841
201  48 03841
 48 216 07531
216  48 07531
 48 217 11710
217  48 11710
 48 232 02109
232  48 02109
 48 248 10057
248  48 10057
 47  64 10444
 64  47 10444
 47  91 06658
 91  47 06658
 47 109 07505
109  47 07505
 47 137 06569
137  47 06569
 47 146 09071
146  47 09071
 47 167 11422
167  47 11422
 47 218 02914
218  47 02914
 47 224 05238
224  47 05238
 46 161 07892
161  46 07892
 46 169 06854
169  46 06854
 46 177 11118
177  46 11118
 46 186 07689
186  46 07689
 45  48 11127
 48  45 11127
 45  67 06225
 67  45 06225
 45  76 11037
 76  45 11037
 45  83 02906
 83  45 02906
 45  95 10135
 95  45 10135
 45 104 11417
104  45 11417
 45 217 04535
217  45 04535
 45 232 09323
232  45 09323
 44  49 02107
 49  44 02107
 44  59 09573
 59  44 09573
 44  68 11930
 68  44 11930
 44  80 10281
 80  44 10281
 44  93 06793
 93  44 06793
 44  97 03365
 97  44 03365
 44 144 09765
144  44 09765
 44 160 06268
160  44 06268
 44 168 10433
168  44 10433
 44 176 07613
176  44 07613
 44 185 10945
185  44 10945
 44 191 08240
191  44 08240
 44 202 05971
202  44 05971
 44 204 01774
204  44 01774
 44 222 11370
222  44 11370
 44 225 05336
225  44 05336
 44 231 10384
231  44 10384
 44 248 11288
248  44 11288
 43  82 08576
 82  43 08576
 43 152 08933
152  43 08933
 43 156 10122
156  43 10122
 43 207 02708
207  43 02708
 43 210 05763
210  43 05763
 43 212 07554
212  43 07554
 43 219 09405
219  43 09405
 43 221 03765
221  43 03765
 43 244 10274
244  43 10274
 42  86 09639
 86  42 09639
 42 101 09688
101  42 09688
 42 108 06664
108  42 06664
 42 135 05008
135  42 05008
 42 141 08880
141  42 08880
 42 157 11467
157  42 11467
 42 181 06506
181  42 06506
 42 196 09113
196  42 09113
 41  81 11854
 81  41 11854
 41  88 06374
 88  41 06374
 41 121 07816
121  41 07816
 41 170 09973
170  41 09973
 41 182 03878
182  41 03878
 41 198 10323
198  41 10323
 40  75 07166
 75  40 07166
 40  89 10329
 89  40 10329
 40 116 05100
116  40 05100
 40 150 07051
150  40 07051
 40 164 03395
164  40 03395
 40 190 03649
190  40 03649
 40 194 10624
194  40 10624
 40 220 03150
220  40 03150
 40 247 07741
247  40 07741
 39  66 05590
 66  39 05590
 39  80 10277
 80  39 10277
 39 149 05382
149  39 05382
 39 206 10412
206  39 10412
 39 209 10654
209  39 10654
 39 211 11209
211  39 11209
 38  74 06907
 74  38 06907
 38 109 09245
109  38 09245
 38 126 00845
126  38 00845
 38 183 08279
183  38 08279
 38 215 05290
215  38 05290
 37  76 02674
 76  37 02674
 37  95 09352
 95  37 09352
 37 115 01398
115  37 01398
 37 153 03846
153  37 03846
 37 228 07596
228  37 07596
 37 241 06139
241  37 06139
 36  41 05329
 41  36 05329
 36  88 01841
 88  36 01841
 36  98 08515
 98  36 08515
 36 182 09055
182  36 09055
 35  36 08804
 36  35 08804
 35  41 10606
 41  35 10606
 35  88 07142
 88  35 07142
 35  94 06254
 94  35 06254
 35 141 11388
141  35 11388
 35 198 10645
198  35 10645
 34  53 08565
 53  34 08565
 34  56 04399
 56  34 04399
 34  73 01812
 73  34 01812
 34 120 09075
120  34 09075
 34 145 07784
145  34 07784
 33  58 09102
 58  33 09102
 33 114 08593
114  33 08593
 33 163 10678
163  33 10678
 33 222 10644
222  33 10644
 32  52 07988
 52  32 07988
 32  77 11466
 77  32 11466
 32  93 07410
 93  32 07410
 32 102 09251
102  32 09251
 32 104 10076
104  32 10076
 32 144 07333
144  32 07333
 32 151 11408
151  32 11408
 32 160 11627
160  32 11627
 32 168 05434
168  32 05434
 32 185 10165
185  32 10165
 32 187 04594
187  32 04594
 32 201 11801
201  32 11801
 32 208 11121
208  32 11121
 32 226 07421
226  32 07421
 32 231 05700
231  32 05700
 32 248 07367
248  32 07367
 31  37 09487
 37  31 09487
 31 115 08730
115  31 08730
 31 153 10769
153  31 10769
 31 228 07913
228  31 07913
 31 241 07871
241  31 07871
 30  43 10126
 43  30 10126
 30  70 10835
 70  30 10835
 30  79 10818
 79  30 10818
 30  82 10926
 82  30 10926
 30 143 08740
143  30 08740
 30 152 04565
152  30 04565
 30 156 11364
156  30 11364
 30 179 06570
179  30 06570
 30 207 08708
207  30 08708
 30 210 09124
210  30 09124
 30 212 03314
212  30 03314
 30 214 11280
214  30 11280
 30 219 11146
219  30 11146
 30 221 11496
221  30 11496
 30 244 01475
244  30 01475
 29  47 02921
 47  29 02921
 29  64 10752
 64  29 10752
 29  91 06429
 91  29 06429
 29 109 09440
109  29 09440
 29 137 06803
137  29 06803
 29 146 08191
146  29 08191
 29 167 10821
167  29 10821
 29 218 02524
218  29 02524
 29 224 03477
224  29 03477
 29 227 10208
227  29 10208
 28  35 10487
 35  28 10487
 28  41 10902
 41  28 10902
 28  94 08477
 94  28 08477
 28 113 05483
113  28 05483
 28 121 07801
121  28 07801
 28 170 10987
170  28 10987
 28 182 08584
182  28 08584
 28 198 00775
198  28 00775
 28 223 09677
223  28 09677
 28 242 02503
242  28 02503
 27  62 07419
 62  27 07419
 27  65 07207
 65  27 07207
 27  71 05107
 71  27 05107
 27 138 07814
138  27 07814
 27 184 11544
184  27 11544
 27 188 03989
188  27 03989
 27 230 08817
230  27 08817
 27 233 04883
233  27 04883
 27 240 06581
240  27 06581
 26  55 09933
 55  26 09933
 26  77 03854
 77  26 03854
 26  78 09413
 78  26 09413
 26 102 04190
102  26 04190
 26 138 09654
138  26 09654
 26 217 11910
217  26 11910
 26 226 11644
226  26 11644
 26 239 11461
239  26 11461
 26 240 11097
240  26 11097
 25  60 03405
 60  25 03405
 25  63 09366
 63  25 09366
 25  96 08879
 96  25 08879
 25 111 05309
111  25 05309
 25 199 07779
199  25 07779
 24  39 07951
 39  24 07951
 24  66 08457
 66  24 08457
 24  80 11814
 80  24 11814
 24 114 10397
114  24 10397
 24 149 02915
149  24 02915
 24 163 05034
163  24 05034
 24 206 09602
206  24 09602
 24 209 02802
209  24 02802
 24 211 03696
211  24 03696
 24 222 09835
222  24 09835
 24 225 11996
225  24 11996
 23  33 06032
 33  23 06032
 23  58 07072
 58  23 07072
 23  68 07437
 68  23 07437
 23 114 07960
114  23 07960
 23 176 11709
176  23 11709
 23 195 08090
195  23 08090
 23 222 09692
222  23 09692
 22  34 03658
 34  22 03658
 22  53 07033
 53  22 07033
 22  56 01508
 56  22 01508
 22  73 04871
 73  22 04871
 22 120 06464
120  22 06464
 22 145 09324
145  22 09324
 21  27 01873
 27  21 01873
 21  62 07424
 62  21 07424
 21  65 07811
 65  21 07811
 21  71 03782
 71  21 03782
 21 138 09594
138  21 09594
 21 184 11666
184  21 11666
 21 188 04280
188  21 04280
 21 230 08276
230  21 08276
 21 233 04409
233  21 04409
 21 240 08207
240  21 08207
 20  40 07068
 40  20 07068
 20  75 02897
 75  20 02897
 20  89 05690
 89  20 05690
 20 116 02095
116  20 02095
 20 127 11837
127  20 11837
 20 164 06088
164  20 06088
 20 190 09529
190  20 09529
 20 194 09349
194  20 09349
 20 220 10072
220  20 10072
 20 247 07725
247  20 07725
 19  70 06872
 70  19 06872
 19  79 08364
 79  19 08364
 19  84 03540
 84  19 03540
 19 100 06397
100  19 06397
 19 103 05319
103  19 05319
 19 174 01925
174  19 01925
 19 179 08733
179  19 08733
 19 192 09085
192  19 09085
 19 243 09323
243  19 09323
 18  35 11609
 35  18 11609
 18  51 11645
 51  18 11645
 18  86 02813
 86  18 02813
 18  94 11772
 94  18 11772
 18 141 06466
141  18 06466
 17  41 10519
 41  17 10519
 17  81 05763
 81  17 05763
 17 121 09728
121  17 09728
 17 134 10171
134  17 10171
 17 158 10542
158  17 10542
 17 170 07756
170  17 07756
 17 182 09423
182  17 09423
 17 223 11337
223  17 11337
 17 229 06676
229  17 06676
 16  54 07406
 54  16 07406
 16  98 11623
 98  16 11623
 16  99 10210
 99  16 10210
 16 117 05134
117  16 05134
 16 129 09325
129  16 09325
 16 140 07952
140  16 07952
 16 147 07171
147  16 07171
 16 166 11475
166  16 11475
 16 178 06981
178  16 06981
 16 236 07388
236  16 07388
 15  24 04507
 24  15 04507
 15  39 09051
 39  15 09051
 15  49 10519
 49  15 10519
 15  58 10462
 58  15 10462
 15  66 11797
 66  15 11797
 15  80 08217
 80  15 08217
 15 114 09104
114  15 09104
 15 149 04256
149  15 04256
 15 163 05589
163  15 05589
 15 202 08786
202  15 08786
 15 204 11074
204  15 11074
 15 209 04580
209  15 04580
 15 211 04000
211  15 04000
 15 222 07726
222  15 07726
 15 225 07498
225  15 07498
 14  18 07335
 18  14 07335
 14  51 09603
 51  14 09603
 14  86 09145
 86  14 09145
 14 129 10737
129  14 10737
 14 133 06649
133  14 06649
 14 166 08096
166  14 08096
 13  19 08927
 19  13 08927
 13 100 02560
100  13 02560
 13 103 08741
103  13 08741
 13 129 10843
129  13 10843
 13 133 06257
133  13 06257
 13 162 11602
162  13 11602
 13 174 09377
174  13 09377
 13 192 08128
192  13 08128
 12  28 06032
 28  12 06032
 12  35 06079
 35  12 06079
 12  36 08058
 36  12 08058
 12  41 06364
 41  12 06364
 12  88 07461
 88  12 07461
 12  94 08239
 94  12 08239
 12 113 09906
113  12 09906
 12 121 08542
121  12 08542
 12 170 11918
170  12 11918
 12 182 06361
182  12 06361
 12 198 05807
198  12 05807
 12 242 08457
242  12 08457
 11  30 08689
 30  11 08689
 11  43 10208
 43  11 10208
 11  82 03687
 82  11 03687
 11  85 06928
 85  11 06928
 11 143 08708
143  11 08708
 11 152 04140
152  11 04140
 11 175 09935
175  11 09935
 11 207 11101
207  11 11101
 11 212 09716
212  11 09716
 11 244 07397
244  11 07397
 11 246 06678
246  11 06678
 10 105 11028
105  10 11028
 10 106 11976
106  10 11976
 10 123 00886
123  10 00886
 10 175 07429
175  10 07429
 10 246 09977
246  10 09977
  9  23 03526
 23   9 03526
  9  33 08216
 33   9 08216
  9  58 10398
 58   9 10398
  9  68 09604
 68   9 09604
  9 114 11445
114   9 11445
  9 142 10955
142   9 10955
  9 195 04585
195   9 04585
  8  11 04709
 11   8 04709
  8  30 03985
 30   8 03985
  8  43 09334
 43   8 09334
  8  82 07286
 82   8 07286
  8  85 11331
 85   8 11331
  8 143 07437
143   8 07437
  8 152 00702
152   8 00702
  8 179 09533
179   8 09533
  8 207 09011
207   8 09011
  8 210 10661
210   8 10661
  8 212 05604
212   8 05604
  8 221 11895
221   8 11895
  8 244 02711
244   8 02711
  8 246 09709
246   8 09709
  7  42 11616
 42   7 11616
  7  57 06795
 57   7 06795
  7  65 09235
 65   7 09235
  7  71 11091
 71   7 11091
  7 101 10577
101   7 10577
  7 125 02442
125   7 02442
  7 148 02175
148   7 02175
  7 157 00516
157   7 00516
  7 181 05778
181   7 05778
  7 184 04976
184   7 04976
  7 188 10982
188   7 10982
  7 197 06984
197   7 06984
  7 230 06107
230   7 06107
  6  16 04529
 16   6 04529
  6  54 11235
 54   6 11235
  6  98 09893
 98   6 09893
  6  99 11022
 99   6 11022
  6 117 08821
117   6 08821
  6 129 05363
129   6 05363
  6 140 10829
140   6 10829
  6 147 07924
147   6 07924
  6 166 06998
166   6 06998
  6 178 07007
178   6 07007
  6 236 05556
236   6 05556
  5  26 03351
 26   5 03351
  5  32 11054
 32   5 11054
  5  55 11131
 55   5 11131
  5  67 10880
 67   5 10880
  5  77 05505
 77   5 05505
  5 102 03834
102   5 03834
  5 104 11574
104   5 11574
  5 217 09458
217   5 09458
  5 226 11433
226   5 11433
  4   5 11184
  5   4 11184
  4  26 08347
 26   4 08347
  4  55 06425
 55   4 06425
  4  77 10733
 77   4 10733
  4  78 02559
 78   4 02559
  4 112 08751
112   4 08751
  4 128 04751
128   4 04751
  4 138 11375
138   4 11375
  4 159 10114
159   4 10114
  4 239 03883
239   4 03883
  4 240 11344
240   4 11344
  3  37 08512
 37   3 08512
  3  45 11902
 45   3 11902
  3  67 09725
 67   3 09725
  3  76 08069
 76   3 08069
  3 115 09861
115   3 09861
  3 153 04799
153   3 04799
  3 228 07635
228   3 07635
  3 241 07024
241   3 07024
  2  14 08765
 14   2 08765
  2  18 07425
 18   2 07425
  2  42 11456
 42   2 11456
  2  51 05083
 51   2 05083
  2  79 11759
 79   2 11759
  2  86 05980
 86   2 05980
  2 108 09627
108   2 09627
  2 110 11746
110   2 11746
  2 141 11373
141   2 11373
  1  72 06506
 72   1 06506
  1 107 07484
107   1 07484
  1 130 10203
130   1 10203
  1 150 10908
150   1 10908
  1 164 11039
164   1 11039
  1 189 09582
189   1 09582
  1 194 11069
194   1 11069
  1 200 09550
200   1 09550
  1 203 08567
203   1 08567
  1 220 10428
220   1 10428
  0  15 05719
 15   0 05719
  0  24 10191
 24   0 10191
  0  44 06471
 44   0 06471
  0  49 04849
 49   0 04849
  0  58 09955
 58   0 09955
  0  59 10657
 59   0 10657
  0  68 11816
 68   0 11816
  0  80 06821
 80   0 06821
  0  97 07705
 97   0 07705
  0 114 09610
114   0 09610
  0 149 09659
149   0 09659
  0 160 11714
160   0 11714
  0 163 09368
163   0 09368
  0 176 08927
176   0 08927
  0 191 10711
191   0 10711
  0 202 04678
202   0 04678
  0 204 05476
204   0 05476
  0 209 09511
209   0 09511
  0 211 08438
211   0 08438
  0 222 07573
222   0 07573
  0 225 02383
225   0 02383
